100 100
1 9
2 15
3 21
4 27
5 33
6 14
7 20
8 26
9 32
10 13
11 19
12 25
13 31
14 12
15 18
16 24
17 30
18 11
19 17
20 23
21 29
22 10
23 16
24 22
25 28
26 9
27 15
28 21
29 27
30 33
31 14
32 20
33 26
34 32
35 13
36 19
37 25
38 31
39 12
40 18
41 24
42 30
43 11
44 17
45 23
46 29
47 10
48 16
49 22
50 28
51 9
52 15
53 21
54 27
55 33
56 14
57 20
58 26
59 32
60 13
61 19
62 25
63 31
64 12
65 18
66 24
67 30
68 11
69 17
70 23
71 29
72 10
73 16
74 22
75 28
76 9
77 15
78 21
79 27
80 33
81 14
82 20
83 26
84 32
85 13
86 19
87 25
88 31
89 12
90 18
91 24
92 30
93 11
94 17
95 23
96 29
97 10
98 16
99 22
100 28
